        count   mean       std   min     25%    50%     75%   max
alpha                                                            
15.00     2.0  9.830  0.000000  9.83  9.8300  9.830  9.8300  9.83
50.00     2.0  9.830  0.000000  9.83  9.8300  9.830  9.8300  9.83
22.25     2.0  9.820  0.000000  9.82  9.8200  9.820  9.8200  9.82
17.50     2.0  9.820  0.000000  9.82  9.8200  9.820  9.8200  9.82
20.00     2.0  9.820  0.000000  9.82  9.8200  9.820  9.8200  9.82
25.00     2.0  9.820  0.000000  9.82  9.8200  9.820  9.8200  9.82
12.50     2.0  9.790  0.000000  9.79  9.7900  9.790  9.7900  9.79
10.00     2.0  9.750  0.000000  9.75  9.7500  9.750  9.7500  9.75
125.00    1.0  9.700       NaN  9.70  9.7000  9.700  9.7000  9.70
275.00    1.0  9.700       NaN  9.70  9.7000  9.700  9.7000  9.70
250.00    1.0  9.700       NaN  9.70  9.7000  9.700  9.7000  9.70
225.00    1.0  9.700       NaN  9.70  9.7000  9.700  9.7000  9.70
200.00    1.0  9.700       NaN  9.70  9.7000  9.700  9.7000  9.70
175.00    1.0  9.700       NaN  9.70  9.7000  9.700  9.7000  9.70
150.00    1.0  9.700       NaN  9.70  9.7000  9.700  9.7000  9.70
300.00    1.0  9.700       NaN  9.70  9.7000  9.700  9.7000  9.70
100.00    2.0  9.690  0.000000  9.69  9.6900  9.690  9.6900  9.69
5.00      2.0  9.500  0.000000  9.50  9.5000  9.500  9.5000  9.50
2.50      2.0  9.435  0.007071  9.43  9.4325  9.435  9.4375  9.44
1.00      2.0  8.435  0.021213  8.42  8.4275  8.435  8.4425  8.45
0.10      1.0  8.400       NaN  8.40  8.4000  8.400  8.4000  8.40
0.25      2.0  8.325  0.318198  8.10  8.2125  8.325  8.4375  8.55
0.50      2.0  8.080  0.070711  8.03  8.0550  8.080  8.1050  8.13

